1|30000000|
1|30000001|
2|30000002|
2|30000001|
3|30000002|
3|30000003|
3|30000001|
4|30000002|
4|30000001|
5|30000001|
5|30000003|
6|30000001|
7|30000001|
7|30000004|
8|30000000|
8|30000001|
9|30000001|
9|30000005|
10|30000000|
10|30000001|
11|30000000|
11|30000001|
12|30000000|
12|30000001|
13|30000000|
13|30000001|
14|30000001|
14|30000003|
15|30000002|
15|30000001|
16|30000000|
16|30000001|
17|30000000|
17|30000001|
18|30000001|
20|30000000|
20|30000001|
20|30000004|
22|30000000|
22|30000001|
23|30000000|
23|30000001|
24|30000001|
24|30000006|
25|30000001|
25|30000006|
25|30000004|
26|30000000|
26|30000001|
27|30000000|
27|30000001|
28|30000000|
28|30000001|
29|30000000|
29|30000001|
30|30000000|
30|30000001|
31|30000000|
31|30000001|
32|30000001|
33|30000000|
33|30000001|
33|30000003|
34|30000000|
34|30000001|
35|30000001|
35|30000003|
36|30000007|
36|30000001|
37|30000001|
38|30000000|
38|30000001|
38|30000004|
40|30000000|
40|30000001|
41|30000000|
41|30000001|
41|30000003|
42|30000000|
42|30000001|
43|30000000|
43|30000001|
44|30000001|
45|30000001|
46|30000000|
46|30000001|
47|30000000|
47|30000001|
48|30000001|
49|30000001|
49|30000004|
50|30000000|
50|30000001|
51|30000000|
51|30000001|
52|30000000|
52|30000001|
54|30000001|
55|30000001|
57|30000000|
57|30000001|
58|30000000|
58|30000001|
59|30000001|
62|30000001|
63|30000001|
64|30000001|
65|30000001|
66|30000001|
67|30000001|
67|30000008|
68|30000000|
68|30000001|
69|30000001|
70|30000000|
70|30000001|
71|30000001|
71|30000004|
72|30000001|
73|30000000|
73|30000001|
74|30000000|
74|30000001|
75|30000001|
75|30000009|
76|30000007|
76|30000001|
77|30000001|
78|30000000|
78|30000001|
79|30000000|
79|30000001|
80|30000000|
80|30000001|
81|30000000|
81|30000001|
82|30000003|
82|30000001|
83|30000001|
84|30000001|
85|30000001|
86|30000000|
86|30000001|
87|30000000|
87|30000001|
88|30000000|
88|30000001|
89|30000000|
89|30000001|
90|30000000|
90|30000001|
91|30000001|
91|30000009|
92|30000000|
92|30000001|
94|30000001|
95|30000001|
96|30000000|
96|30000001|
97|30000000|
97|30000001|
98|30000000|
98|30000001|
99|30000000|
99|30000001|
100|30000000|
100|30000001|
101|30000000|
101|30000001|
102|30000001|
103|30000001|
104|30000000|
104|30000001|
105|30000000|
105|30000001|
106|30000001|
107|30000000|
107|30000001|
108|30000007|
108|30000001|
109|30000001|
109|30000008|
110|30000001|
110|30000008|
111|30000007|
111|30000001|
112|30000001|
112|30000008|
113|30000007|
113|30000001|
114|30000000|
114|30000001|
115|30000000|
115|30000001|
116|30000001|
117|30000000|
117|30000001|
118|30000001|
119|30000000|
119|30000001|
120|30000000|
120|30000001|
121|30000001|
121|30000003|
122|30000000|
122|30000001|
123|30000001|
124|30000000|
124|30000001|
126|30000001|
127|30000001|
127|30000003|
128|30000001|
129|30000001|
130|30000001|
131|30000001|
131|30000003|
131|30000009|
132|30000001|
132|30000010|
133|30000001|
135|30000000|
135|30000001|
138|30000001|
138|30000003|
138|30000009|
140|30000001|
141|30000000|
141|30000001|
143|30000003|
143|30000001|
144|30000003|
144|30000001|
147|30000000|
147|30000001|
147|30000006|
149|30000001|
149|30000003|
150|30000000|
150|30000001|
151|30000001|
152|30000001|
152|30000008|
152|30000009|
153|30000001|
153|30000009|
155|30000001|
156|30000001|
156|30000003|
159|30000001|
159|30000009|
162|30000000|
162|30000001|
164|30000001|
164|30000003|
165|30000001|
167|30000000|
167|30000001|
169|30000001|
170|30000003|
170|30000001|
172|30000001|
172|30000003|
172|30000009|
174|30000001|
174|30000003|
175|30000000|
175|30000001|
177|30000001|
177|30000011|
178|30000001|
178|30000009|
179|30000001|
179|30000009|
182|30000001|
182|30000003|
184|30000012|
184|30000001|
186|30000001|
186|30000013|
190|30000001|
190|30000003|
192|30000001|
196|30000001|
196|30000008|
205|30000001|
205|30000003|
205|30000004|
208|30000003|
208|30000001|
210|30000001|
211|30000001|
211|30000003|
211|30000008|
213|30000001|
214|30000001|
214|30000013|
215|30000001|
215|30000000|
218|30000001|
218|30000010|
218|30000007|
222|30000001|
222|30000003|
228|30000001|
229|30000001|
229|30000004|
230|30000001|
230|30000007|
230|30000014|
234|30000001|
234|30000009|
235|30000001|
235|30000015|
235|30000008|
239|30000001|
242|30000001|
242|30000008|
242|30000009|
246|30000001|
246|30000008|
247|30000001|
247|30000007|
248|30000001|
248|30000003|
248|30000005|
251|30000002|
251|30000001|
256|30000000|
256|30000001|
261|30000001|
261|30000003|
261|30000009|
264|30000001|
264|30000008|
264|30000009|
265|30000001|
265|30000003|
269|30000001|
269|30000000|
272|30000001|
272|30000003|
273|30000001|
273|30000016|
273|30000011|
274|30000001|
274|30000003|
277|30000001|
284|30000001|
286|30000003|
286|30000001|
287|30000003|
287|30000008|
287|30000001|
296|30000000|
296|30000001|
299|30000001|
300|30000002|
300|30000001|
300|30000003|
301|30000001|
301|30000008|
301|30000009|
304|30000001|
304|30000014|
306|30000001|
306|30000007|
307|30000003|
307|30000001|
308|30000001|
309|30000001|
309|30000003|
313|30000001|
313|30000003|
318|30000001|
319|30000001|
319|30000009|
321|30000008|
321|30000001|
335|30000001|
335|30000010|
335|30000007|
337|30000001|
337|30000004|
340|30000003|
340|30000008|
340|30000001|
341|30000003|
341|30000001|
341|30000008|
346|30000001|
346|30000003|
347|30000000|
347|30000001|
347|30000006|
350|30000001|
350|30000003|
352|30000000|
352|30000001|
353|30000001|
353|30000007|
353|30000017|
355|30000001|
355|30000016|
355|30000007|
357|30000001|
357|30000003|
357|30000008|
358|30000001|
358|30000011|
358|30000007|
359|30000001|
359|30000003|
359|30000008|
363|30000001|
363|30000008|
363|30000005|
368|30000001|
368|30000008|
370|30000001|
370|30000007|
370|30000008|
373|30000001|
373|30000007|
373|30000009|
384|30000000|
384|30000001|
387|30000001|
387|30000017|
399|30000001|
399|30000008|
409|30000001|
409|30000003|
410|30000000|
410|30000001|
413|30000001|
413|30000003|
413|30000008|
413|30000009|
414|30000003|
414|30000001|
416|30000001|
416|30000007|
417|30000001|
417|30000016|
417|30000015|
420|30000001|
420|30000014|
420|30000008|
423|30000001|
423|30000008|
430|30000001|
430|30000003|
432|30000001|
432|30000003|
436|30000001|
436|30000003|
437|30000001|
437|30000007|
437|30000009|
439|30000001|
439|30000016|
439|30000015|
440|30000001|
440|30000008|
447|30000001|
447|30000016|
451|30000001|
451|30000003|
455|30000001|
455|30000003|
455|30000018|
464|30000001|
464|30000003|
465|30000001|
465|30000015|
465|30000008|
469|30000001|
469|30000003|
469|30000014|
471|30000001|
471|30000007|
479|30000001|
479|30000007|
480|30000001|
480|30000008|
487|30000001|
487|30000012|
488|30000001|
488|30000007|
488|30000008|
497|30000001|
497|30000011|
498|30000001|
498|30000011|
498|30000007|
499|30000001|
499|30000016|
499|30000015|
501|30000001|
501|30000011|
501|30000007|
516|30000002|
516|30000001|
516|30000008|
519|30000011|
519|30000007|
519|30000001|
521|30000001|
521|30000016|
521|30000011|
521|30000014|
521|30000012|
524|30000001|
524|30000000|
534|30000008|
534|30000001|
534|30000003|
536|30000001|
546|30000001|
546|30000003|
546|30000008|
553|30000001|
553|30000003|
553|30000008|
554|30000002|
554|30000001|
554|30000003|
554|30000014|
555|30000001|
557|30000001|
557|30000007|
557|30000005|
561|30000001|
561|30000012|
565|30000002|
565|30000001|
565|30000014|
567|30000001|
567|30000008|
567|30000009|
574|30000016|
574|30000015|
574|30000010|
575|30000001|
575|30000015|
575|30000008|
576|30000001|
576|30000007|
576|30000008|
582|30000001|
582|30000007|
584|30000001|
584|30000011|
584|30000007|
591|30000007|
598|30000001|
598|30000007|
